6 6
-24602.49219	-11826.17285
-25000.44727	-13115.21582
-24507.90186	-13525.78687
-24791.49805	-13474.84505
-24651.56006	-13766.70264
-24197.36635	-14220.45815
-25531.81641	-13508.73438
-25724.06362	-13250.38979
-25987.47135	-13402.17708
-26175.04688	-13469.98438
-26214.37175	-13291.47656
-25954.50977	-13177.37744
1	2	4	3	5	6
1	2	6	3	4	5
0.983408301 
0.97589703	0.975913222	0.975913222
0.978519155	0.978572792	0.980422872
0.973328585	0.973383162	0.973481077	0.973230863
0.969820564	0.970040887	0.970041668	0.969888619	0.968026435	0.96817402	0.970285103
0.981194498	0.981181418	0.979190342	0.979166769	0.981307357	0.983273162	0.983260573
0.978535604	0.980417516	0.978535604
0.978224147
0.973868139	0.973897028	0.975773222
0.980755181	0.980806502	0.98084	0.980892574

-25000.44727	-13115.21582
-24442.59961	-13622.91016
-24458.83594	-13635.16699
-24565.08594	-13422.53516
-24565.08594	-13422.53516
-24743.37695	-13432.51563
-24780.7793	-13432.51563
-24850.33789	-13559.50391
-24765.7207	-13672.08789
-24729.53711	-13660.99219
-24577.45898	-13806.47949
-24533.52344	-13927.25098
-24267.62891	-13948.49316
-24361.44336	-14125.56152
-24315.20898	-14393.13184
-24276.59766	-14466.30566
-23973.41602	-14177.28027
-24048.05859	-14161.86035
-24139.21094	-14270.57422
-25824.13867	-13314.61426
-25813.4082	-13364.19629
-25694.75195	-13127.44824
-25710.1875	-13127.59863
-25642.39648	-13211.29981
-25643.90625	-13263.61231
-25739.65625	-13343.95898
-25947.96289	-13394.10938
-26066.48828	-13418.3125
-25947.96289	-13394.10938
-26175.04688	-13469.98438
-26201.95508	-13252.4541
-26217.38477	-13260.64258
-26223.77539	-13361.33301
-26088.04883	-13201.42383
-25847.06055	-13159.47363
-25864.07422	-13158.0127
-26018.85547	-13190.59961





